  1  1  1 0.20 0.15 0.00 0.00 0.00 0.05 0.00 0.30 0.00 0.00 0.10    0.32 0.00 0.00
  2  1  2 0.65 0.15 0.00 0.00 0.05 0.00 0.00 0.10 0.00 0.05 0.05    0.70 0.00 0.05
  3  1  3 0.60 0.00 0.00 0.00 0.05 0.00 0.00 0.35 0.00 0.00 0.05    0.60 0.00 0.00
  4  1  4 0.10 0.85 0.00 0.00 0.05 0.00 0.00 0.10 0.00 0.00 0.10    0.86 0.00 0.00
  5  1  5 0.35 0.80 0.00 0.00 0.00 0.00 0.00 0.10 0.00 0.00 0.05    0.87 0.00 0.00
  6  1  6 0.40 0.25 0.00 0.00 0.00 0.00 0.05 0.25 0.00 0.00 0.05    0.55 0.00 0.00
  7  1  7 0.65 0.50 0.00 0.00 0.00 0.00 0.00 0.10 0.00 0.00 0.05    0.82 0.00 0.00
  8  1  8 0.00 0.00 0.00 0.00 0.00 0.00 0.00 0.20 0.00 0.00 0.20    0.00 0.00 0.00
  9  1  9 0.35 0.30 0.00 0.00 0.00 0.00 0.00 0.30 0.00 0.00 0.05    0.54 0.00 0.00
 10  1 10 0.30 0.20 0.00 0.00 0.00 0.00 0.00 0.15 0.00 0.00 0.10    0.44 0.00 0.00
 11  1 11 0.80 0.05 0.00 0.00 0.10 0.00 0.00 0.10 0.00 0.00 0.15    0.81 0.00 0.00
 12  1 12 0.50 0.15 0.00 0.00 0.05 0.00 0.00 0.20 0.00 0.00 0.25    0.58 0.00 0.00
 13  1 13 0.30 0.35 0.00 0.00 0.00 0.05 0.00 0.20 0.00 0.00 0.00    0.54 0.00 0.00
 14  1 14 0.55 0.40 0.00 0.00 0.05 0.05 0.00 0.25 0.00 0.00 0.05    0.73 0.00 0.00
 15  1 15 0.35 0.15 0.00 0.00 0.00 0.05 0.00 0.40 0.00 0.00 0.05    0.45 0.00 0.00
 16  1 16 0.20 0.90 0.00 0.00 0.00 0.00 0.00 0.15 0.00 0.00 0.05    0.92 0.00 0.00
 17  2  1 0.00 0.00 0.00 0.00 0.35 0.05 0.00 0.00 0.00 0.00 0.20    0.00 0.00 0.00
 18  2  2 0.00 0.00 0.00 0.00 0.15 0.15 0.00 0.15 0.00 0.00 0.10    0.00 0.00 0.00
 19  2  3 0.20 0.05 0.00 0.00 0.25 0.00 0.00 0.20 0.00 0.00 0.15    0.24 0.00 0.00
 20  2  4 0.00 0.00 0.00 0.00 0.20 0.00 0.00 0.00 0.00 0.00 0.25    0.00 0.00 0.00
 21  2  5 0.00 0.00 0.00 0.00 0.35 0.00 0.00 0.05 0.00 0.00 0.15    0.00 0.00 0.00
 22  2  6 0.00 0.00 0.00 0.00 0.15 0.15 0.00 0.10 0.00 0.00 0.10    0.00 0.00 0.00
 23  2  7 0.00 0.05 0.00 0.00 0.00 0.00 0.00 0.00 0.00 0.00 0.25    0.05 0.00 0.00
 24  2  8 0.00 0.00 0.00 0.00 0.35 0.05 0.00 0.00 0.00 0.00 0.15    0.00 0.00 0.00
 25  2  9 0.00 0.00 0.00 0.00 0.15 0.00 0.00 0.05 0.00 0.00 0.25    0.00 0.00 0.00
 26  2 10 0.00 0.00 0.00 0.00 0.20 0.05 0.05 0.05 0.00 0.00 0.20    0.00 0.00 0.00
 27  2 11 0.00 0.00 0.00 0.00 0.05 0.00 0.00 0.00 0.00 0.00 0.25    0.00 0.00 0.00
 28  2 12 0.00 0.10 0.00 0.00 0.00 0.05 0.00 0.15 0.00 0.00 0.20    0.10 0.00 0.00
 29  2 13 0.00 0.00 0.00 0.00 0.15 0.00 0.00 0.20 0.00 0.00 0.10    0.00 0.00 0.00
 30  2 14 0.00 0.00 0.00 0.05 0.10 0.00 0.05 0.05 0.00 0.00 0.20    0.00 0.05 0.00
 31  2 15 0.00 0.00 0.00 0.00 0.05 0.00 0.00 0.00 0.00 0.00 0.35    0.00 0.00 0.00
 32  2 16 0.00 0.00 0.00 0.00 0.05 0.00 0.00 0.00 0.00 0.00 0.70    0.00 0.00 0.00
 33  3  1 0.00 0.05 0.00 0.00 0.05 0.00 0.10 0.35 0.00 0.00 0.05    0.05 0.00 0.00
 34  3  2 0.05 0.05 0.00 0.00 0.00 0.05 0.00 0.35 0.00 0.00 0.00    0.10 0.00 0.00
 35  3  3 0.05 0.00 0.00 0.00 0.00 0.00 0.00 0.35 0.00 0.00 0.05    0.05 0.00 0.00
 36  3  4 0.15 0.00 0.00 0.00 0.00 0.00 0.00 0.35 0.00 0.00 0.05    0.15 0.00 0.00
 37  3  5 0.00 0.10 0.00 0.00 0.05 0.00 0.00 0.25 0.00 0.00 0.10    0.10 0.00 0.00
 38  3  6 0.05 0.00 0.00 0.00 0.00 0.00 0.00 0.40 0.00 0.05 0.00    0.05 0.00 0.05
 39  3  7 0.25 0.10 0.00 0.00 0.00 0.00 0.00 0.35 0.00 0.00 0.00    0.32 0.00 0.00
 40  3  8 0.10 0.15 0.00 0.00 0.00 0.00 0.00 0.35 0.00 0.05 0.05    0.23 0.00 0.05
 41  3  9 0.15 0.20 0.00 0.00 0.00 0.00 0.00 0.35 0.00 0.00 0.05    0.32 0.00 0.00
 42  3 10 0.05 0.10 0.00 0.00 0.00 0.00 0.00 0.35 0.00 0.00 0.05    0.15 0.00 0.00
 43  3 11 0.05 0.05 0.00 0.00 0.00 0.00 0.00 0.40 0.00 0.00 0.05    0.10 0.00 0.00
 44  3 12 0.00 0.05 0.00 0.00 0.00 0.00 0.00 0.35 0.00 0.00 0.10    0.05 0.00 0.00
 45  3 13 0.30 0.05 0.00 0.00 0.00 0.00 0.00 0.35 0.00 0.00 0.05    0.33 0.00 0.00
 46  3 14 0.15 0.05 0.00 0.00 0.00 0.00 0.00 0.40 0.00 0.05 0.05    0.19 0.00 0.05
 47  3 15 0.05 0.10 0.00 0.00 0.00 0.00 0.00 0.35 0.00 0.00 0.10    0.15 0.00 0.00
 48  3 16 0.10 0.00 0.00 0.05 0.00 0.05 0.00 0.45 0.00 0.00 0.05    0.10 0.05 0.00
 49  4  1 0.00 0.00 0.00 0.00 0.05 0.00 0.05 0.50 0.00 0.05 0.05    0.00 0.00 0.05
 50  4  2 0.00 0.00 0.00 0.00 0.20 0.00 0.00 0.05 0.00 0.00 0.45    0.00 0.00 0.00
 51  4  3 0.00 0.05 0.00 0.00 0.00 0.00 0.05 0.40 0.00 0.00 0.10    0.05 0.00 0.00
 52  4  4 0.00 0.00 0.00 0.00 0.05 0.05 0.10 0.40 0.00 0.05 0.00    0.00 0.00 0.05
 53  4  5 0.05 0.05 0.00 0.00 0.10 0.05 0.05 0.20 0.00 0.00 0.05    0.10 0.00 0.00
 54  4  6 0.00 0.00 0.00 0.00 0.05 0.05 0.05 0.60 0.00 0.05 0.15    0.00 0.00 0.05
 55  4  7 0.35 0.75 0.00 0.00 0.00 0.00 0.00 0.15 0.00 0.00 0.15    0.84 0.00 0.00
 56  4  8 0.05 0.05 0.00 0.00 0.10 0.05 0.05 0.15 0.00 0.00 0.05    0.10 0.00 0.00
 57  4  9 0.20 0.00 0.00 0.00 0.15 0.00 0.35 0.10 0.00 0.00 0.05    0.20 0.00 0.00
 58  4 10 0.00 0.00 0.00 0.00 0.05 0.05 0.05 0.05 0.00 0.00 0.10    0.00 0.00 0.00
 59  4 11 0.00 0.00 0.00 0.00 0.00 0.05 0.00 0.05 0.00 0.00 0.15    0.00 0.00 0.00
 60  4 12 0.10 0.00 0.00 0.00 0.00 0.00 0.00 0.20 0.00 0.00 0.10    0.10 0.00 0.00
 61  4 13 0.05 0.10 0.00 0.00 0.00 0.05 0.00 0.45 0.00 0.00 0.05    0.15 0.00 0.00
 62  4 14 0.00 0.00 0.00 0.00 0.05 0.05 0.05 0.30 0.00 0.00 0.05    0.00 0.00 0.00
 63  4 15 0.15 0.05 0.00 0.00 0.00 0.05 0.00 0.40 0.00 0.00 0.05    0.19 0.00 0.00
 64  4 16 0.00 0.00 0.00 0.00 0.15 0.15 0.05 0.00 0.00 0.00 0.10    0.00 0.00 0.00
 65  5  1 0.35 0.25 0.00 0.00 0.00 0.05 0.00 0.35 0.00 0.00 0.05    0.51 0.00 0.00
 66  5  2 0.00 0.10 0.00 0.00 0.00 0.00 0.00 0.35 0.00 0.00 0.05    0.10 0.00 0.00
 67  5  3 0.35 0.05 0.00 0.00 0.00 0.05 0.05 0.30 0.00 0.05 0.00    0.38 0.00 0.05
 68  5  4 0.05 0.00 0.00 0.00 0.00 0.00 0.00 0.40 0.00 0.00 0.05    0.05 0.00 0.00
 69  5  5 0.20 0.05 0.00 0.00 0.00 0.00 0.00 0.30 0.00 0.00 0.05    0.24 0.00 0.00
 70  5  6 0.10 0.10 0.00 0.00 0.05 0.00 0.05 0.30 0.00 0.00 0.10    0.19 0.00 0.00
 71  5  7 0.10 0.05 0.00 0.00 0.00 0.05 0.00 0.40 0.00 0.00 0.00    0.15 0.00 0.00
 72  5  8 0.10 0.10 0.00 0.00 0.00 0.00 0.00 0.25 0.00 0.05 0.05    0.19 0.00 0.05
 73  5  9 0.35 0.20 0.00 0.00 0.10 0.05 0.30 0.20 0.00 0.05 0.00    0.48 0.00 0.05
 74  5 10 0.15 0.05 0.00 0.00 0.05 0.05 0.00 0.30 0.00 0.10 0.05    0.19 0.00 0.10
 75  5 11 0.10 0.20 0.00 0.00 0.00 0.05 0.00 0.35 0.00 0.00 0.00    0.28 0.00 0.00
 76  5 12 0.20 0.10 0.00 0.00 0.05 0.00 0.00 0.35 0.00 0.00 0.05    0.28 0.00 0.00
 77  5 13 0.15 0.25 0.00 0.00 0.05 0.00 0.05 0.30 0.00 0.05 0.05    0.36 0.00 0.05
 78  5 14 0.05 0.10 0.00 0.00 0.00 0.00 0.00 0.35 0.00 0.00 0.05    0.15 0.00 0.00
 79  5 15 0.30 0.15 0.00 0.00 0.00 0.00 0.00 0.30 0.00 0.00 0.00    0.40 0.00 0.00
 80  5 16 0.25 0.05 0.00 0.00 0.00 0.10 0.00 0.30 0.00 0.05 0.05    0.29 0.00 0.05
 81  6  1 0.00 0.00 0.00 0.00 0.05 0.00 0.80 0.00 0.00 0.00 0.00    0.00 0.00 0.00
 82  6  2 0.00 0.00 0.00 0.00 0.10 0.00 0.80 0.00 0.00 0.00 0.00    0.00 0.00 0.00
 83  6  3 0.00 0.00 0.00 0.00 0.15 0.05 0.85 0.00 0.00 0.00 0.00    0.00 0.00 0.00
 84  6  4 0.00 0.00 0.00 0.00 0.15 0.00 0.80 0.00 0.05 0.00 0.00    0.00 0.00 0.05
 85  6  5 0.00 0.30 0.00 0.00 0.15 0.00 0.60 0.25 0.05 0.00 0.00    0.30 0.00 0.05
 86  6  6 0.00 0.00 0.05 0.55 0.10 0.25 0.80 0.10 0.00 0.00 0.00    0.00 0.57 0.00
 87  6  7 0.00 0.00 0.40 0.45 0.05 0.15 0.65 0.00 0.00 0.00 0.00    0.00 0.67 0.00
 88  6  8 0.00 0.00 0.00 0.00 0.10 0.00 0.85 0.00 0.05 0.00 0.00    0.00 0.00 0.05
 89  6  9 0.00 0.00 0.00 0.05 0.10 0.00 0.80 0.00 0.00 0.00 0.00    0.00 0.05 0.00
 90  6 10 0.00 0.00 0.00 0.05 0.15 0.00 1.00 0.00 0.00 0.00 0.00    0.00 0.05 0.00
 91  6 11 0.00 0.00 0.00 0.00 0.10 0.00 0.85 0.00 0.00 0.00 0.00    0.00 0.00 0.00
 92  6 12 0.00 0.00 0.00 0.00 0.15 0.00 0.85 0.00 0.00 0.00 0.00    0.00 0.00 0.00
 93  6 13 0.00 0.00 0.00 0.00 0.05 0.00 0.90 0.00 0.00 0.00 0.00    0.00 0.00 0.00
 94  6 14 0.00 0.00 0.00 0.00 0.10 0.10 0.75 0.00 0.00 0.00 0.00    0.00 0.00 0.00
 95  6 15 0.00 0.00 0.00 0.00 0.10 0.05 0.75 0.10 0.00 0.00 0.00    0.00 0.00 0.00
 96  6 16 0.00 0.00 0.00 0.00 0.10 0.00 0.75 0.00 0.00 0.00 0.00    0.00 0.00 0.00
 97  7  1 0.40 0.05 0.00 0.00 0.05 0.00 0.05 0.20 0.00 0.10 0.00    0.43 0.00 0.10
 98  7  2 0.10 0.15 0.00 0.00 0.00 0.05 0.10 0.35 0.00 0.00 0.05    0.23 0.00 0.00
 99  7  3 0.95 0.00 0.00 0.00 0.05 0.05 0.10 0.10 0.00 0.05 0.00    0.95 0.00 0.05
100  7  4 0.20 0.15 0.00 0.00 0.00 0.00 0.00 0.35 0.00 0.15 0.00    0.32 0.00 0.15
101  7  5 0.75 0.05 0.00 0.00 0.10 0.10 0.10 0.15 0.00 0.00 0.00    0.76 0.00 0.00
102  7  6 0.15 0.00 0.00 0.00 0.10 0.10 0.05 0.15 0.00 0.00 0.00    0.15 0.00 0.00
103  7  7 0.10 0.55 0.00 0.00 0.05 0.05 0.05 0.20 0.00 0.00 0.05    0.59 0.00 0.00
104  7  8 0.25 0.00 0.10 0.00 0.15 0.00 0.30 0.05 0.10 0.10 0.00    0.25 0.10 0.19
105  7  9 0.40 0.00 0.00 0.00 0.10 0.00 0.05 0.20 0.00 0.10 0.05    0.40 0.00 0.10
106  7 10 0.10 0.05 0.10 0.00 0.35 0.05 0.10 0.15 0.00 0.25 0.05    0.15 0.10 0.25
107  7 11 0.30 0.20 0.05 0.00 0.05 0.00 0.25 0.20 0.00 0.00 0.10    0.44 0.05 0.00
108  7 12 0.70 0.00 0.05 0.00 0.10 0.00 0.05 0.20 0.00 0.05 0.05    0.70 0.05 0.05
109  7 13 0.40 0.35 0.00 0.00 0.00 0.00 0.05 0.10 0.00 0.00 0.15    0.61 0.00 0.00
110  7 14 0.25 0.05 0.00 0.00 0.55 0.05 0.50 0.05 0.00 0.05 0.10    0.29 0.00 0.05
111  7 15 0.25 0.00 0.25 0.00 0.15 0.10 0.10 0.05 0.00 0.05 0.05    0.25 0.25 0.05
112  7 16 0.65 0.10 0.00 0.00 0.05 0.10 0.05 0.00 0.00 0.00 0.05    0.69 0.00 0.00
113  8  1 0.00 0.00 0.00 0.00 0.20 0.00 0.00 0.00 0.00 0.00 0.30    0.00 0.00 0.00
114  8  2 0.00 0.20 0.00 0.00 0.00 0.00 0.00 0.20 0.00 0.10 0.05    0.20 0.00 0.10
115  8  3 0.45 0.35 0.00 0.00 0.00 0.00 0.00 0.10 0.00 0.05 0.10    0.64 0.00 0.05
116  8  4 0.00 0.45 0.00 0.00 0.00 0.00 0.05 0.35 0.00 0.00 0.10    0.45 0.00 0.00
117  8  5 0.00 0.00 0.00 0.00 0.00 0.00 0.15 0.05 0.00 0.05 0.25    0.00 0.00 0.05
118  8  6 0.35 0.05 0.00 0.00 0.05 0.00 0.25 0.20 0.00 0.35 0.10    0.38 0.00 0.35
119  8  7 0.00 0.15 0.00 0.00 0.00 0.00 0.05 0.20 0.00 0.10 0.10    0.15 0.00 0.10
120  8  8 0.05 0.15 0.00 0.00 0.00 0.00 0.05 0.25 0.00 0.15 0.10    0.19 0.00 0.15
121  8  9 0.00 0.15 0.00 0.00 0.10 0.05 0.10 0.35 0.00 0.05 0.05    0.15 0.00 0.05
122  8 10 0.05 0.05 0.00 0.00 0.00 0.00 0.05 0.15 0.00 0.10 0.10    0.10 0.00 0.10
123  8 11 0.25 0.20 0.00 0.00 0.00 0.00 0.00 0.25 0.00 0.00 0.10    0.40 0.00 0.00
124  8 12 0.20 0.25 0.00 0.00 0.05 0.05 0.15 0.20 0.00 0.05 0.00    0.40 0.00 0.05
125  8 13 0.05 0.10 0.00 0.00 0.10 0.00 0.10 0.10 0.00 0.15 0.15    0.15 0.00 0.15
126  8 14 0.00 0.05 0.00 0.00 0.05 0.10 0.10 0.30 0.00 0.00 0.10    0.05 0.00 0.00
127  8 15 0.00 0.25 0.00 0.00 0.00 0.00 0.05 0.20 0.00 0.30 0.10    0.25 0.00 0.30
128  8 16 0.05 0.00 0.00 0.00 0.00 0.00 0.20 0.20 0.00 0.10 0.00    0.05 0.00 0.10
129  9  1 0.00 0.00 0.00 0.00 0.00 0.00 0.00 0.05 0.00 0.00 0.25    0.00 0.00 0.00
130  9  2 0.00 0.00 0.00 0.00 0.05 0.00 0.00 0.10 0.00 0.00 0.20    0.00 0.00 0.00
131  9  3 0.00 0.00 0.00 0.00 0.05 0.00 0.00 0.05 0.00 0.00 0.45    0.00 0.00 0.00
132  9  4 0.00 0.00 0.00 0.00 0.00 0.00 0.00 0.05 0.00 0.00 0.25    0.00 0.00 0.00
133  9  5 0.00 0.00 0.00 0.00 0.00 0.00 0.00 0.05 0.00 0.00 0.30    0.00 0.00 0.00
134  9  6 0.00 0.00 0.00 0.05 0.10 0.05 0.00 0.00 0.00 0.00 0.40    0.00 0.05 0.00
135  9  7 0.00 0.00 0.00 0.00 0.00 0.00 0.00 0.15 0.00 0.00 0.25    0.00 0.00 0.00
136  9  8 0.00 0.00 0.00 0.00 0.05 0.00 0.00 0.00 0.00 0.00 0.25    0.00 0.00 0.00
137  9  9 0.00 0.00 0.00 0.00 0.15 0.00 0.00 0.00 0.00 0.00 0.20    0.00 0.00 0.00
138  9 10 0.00 0.00 0.00 0.00 0.05 0.00 0.00 0.05 0.00 0.00 0.05    0.00 0.00 0.00
139  9 11 0.00 0.00 0.00 0.00 0.00 0.00 0.00 0.00 0.00 0.00 0.40    0.00 0.00 0.00
140  9 12 0.00 0.00 0.00 0.00 0.00 0.00 0.00 0.10 0.00 0.00 0.50    0.00 0.00 0.00
141  9 13 0.00 0.00 0.00 0.00 0.00 0.00 0.00 0.10 0.00 0.00 0.15    0.00 0.00 0.00
142  9 14 0.00 0.00 0.00 0.00 0.00 0.00 0.00 0.00 0.00 0.00 0.45    0.00 0.00 0.00
143  9 15 0.00 0.00 0.00 0.00 0.00 0.00 0.00 0.00 0.00 0.00 0.30    0.00 0.00 0.00
144  9 16 0.00 0.00 0.00 0.00 0.00 0.00 0.00 0.00 0.00 0.00 0.25    0.00 0.00 0.00
145 10  1 0.45 0.10 0.00 0.00 0.05 0.00 0.00 0.30 0.00 0.00 0.15    0.51 0.00 0.00
146 10  2 0.70 0.25 0.00 0.00 0.00 0.00 0.00 0.20 0.00 0.00 0.05    0.77 0.00 0.00
147 10  3 0.00 0.05 0.85 0.20 0.00 0.05 0.00 0.05 0.00 0.00 0.00    0.05 0.88 0.00
148 10  4 0.00 0.00 0.00 0.00 0.10 0.00 0.00 0.00 0.00 0.00 0.60    0.00 0.00 0.00
149 10  5 0.00 0.00 0.00 0.05 0.05 0.10 0.00 0.10 0.00 0.00 0.25    0.00 0.05 0.00
150 10  6 0.10 0.05 0.50 0.60 0.00 0.00 0.00 0.05 0.00 0.00 0.05    0.15 0.80 0.00
151 10  7 0.00 0.00 0.70 0.30 0.10 0.05 0.00 0.00 0.00 0.00 0.05    0.00 0.79 0.00
152 10  8 0.00 0.00 0.00 0.00 0.00 0.00 0.00 0.00 0.00 0.00 0.85    0.00 0.00 0.00
153 10  9 0.50 0.35 0.00 0.00 0.00 0.00 0.00 0.15 0.00 0.00 0.10    0.68 0.00 0.00
154 10 10 0.40 0.45 0.00 0.00 0.00 0.00 0.00 0.25 0.00 0.05 0.05    0.67 0.00 0.05
155 10 11 0.00 0.00 0.10 0.00 0.20 0.10 0.00 0.00 0.00 0.00 0.25    0.00 0.10 0.00
156 10 12 0.45 0.35 0.00 0.00 0.00 0.00 0.05 0.25 0.00 0.00 0.05    0.64 0.00 0.00
157 10 13 0.55 0.30 0.00 0.00 0.05 0.00 0.05 0.15 0.00 0.00 0.10    0.69 0.00 0.00
158 10 14 0.35 0.30 0.00 0.00 0.10 0.00 0.00 0.35 0.00 0.00 0.15    0.54 0.00 0.00
159 10 15 0.70 0.45 0.00 0.00 0.10 0.00 0.00 0.15 0.00 0.00 0.05    0.83 0.00 0.00
160 10 16 0.15 0.15 0.00 0.00 0.15 0.00 0.00 0.05 0.00 0.00 0.45    0.28 0.00 0.00
161 11  1 0.25 0.05 0.00 0.00 0.00 0.05 0.30 0.35 0.00 0.00 0.05    0.29 0.00 0.00
162 11  2 0.00 0.00 0.05 0.00 0.15 0.20 0.00 0.10 0.00 0.00 0.10    0.00 0.05 0.00
163 11  3 0.05 0.05 0.55 0.15 0.10 0.45 0.20 0.20 0.00 0.00 0.00    0.10 0.62 0.00
164 11  4 0.00 0.00 0.00 0.00 0.05 0.05 0.20 0.30 0.00 0.00 0.05    0.00 0.00 0.00
165 11  5 0.00 0.05 0.00 0.00 0.05 0.05 0.00 0.40 0.00 0.00 0.05    0.05 0.00 0.00
166 11  6 0.00 0.00 0.00 0.00 0.00 0.00 0.10 0.20 0.00 0.00 0.05    0.00 0.00 0.00
167 11  7 0.15 0.20 0.00 0.00 0.00 0.00 0.00 0.25 0.00 0.05 0.05    0.32 0.00 0.05
168 11  8 0.05 0.00 0.00 0.00 0.00 0.00 0.55 0.15 0.00 0.00 0.05    0.05 0.00 0.00
169 11  9 0.00 0.05 0.00 0.10 0.00 0.00 0.05 0.30 0.00 0.00 0.10    0.05 0.10 0.00
170 11 10 0.05 0.00 0.00 0.00 0.00 0.05 0.00 0.35 0.00 0.00 0.05    0.05 0.00 0.00
171 11 11 0.75 0.20 0.00 0.00 0.00 0.00 0.10 0.15 0.00 0.00 0.00    0.80 0.00 0.00
172 11 12 0.20 0.05 0.00 0.00 0.00 0.10 0.10 0.35 0.00 0.05 0.05    0.24 0.00 0.05
173 11 13 0.00 0.00 0.05 0.00 0.00 0.10 0.10 0.05 0.00 0.00 0.35    0.00 0.05 0.00
174 11 14 0.05 0.00 0.00 0.00 0.00 0.00 0.05 0.40 0.00 0.00 0.05    0.05 0.00 0.00
175 11 15 0.00 0.00 0.00 0.00 0.30 0.10 0.15 0.05 0.00 0.00 0.10    0.00 0.00 0.00
176 11 16 0.00 0.05 0.00 0.00 0.00 0.05 0.00 0.25 0.00 0.00 0.15    0.05 0.00 0.00
177 12  1 0.00 0.00 0.00 0.00 0.45 0.00 0.80 0.05 0.00 0.00 0.00    0.00 0.00 0.00
178 12  2 0.00 0.00 0.00 0.00 0.60 0.05 0.95 0.00 0.00 0.00 0.00    0.00 0.00 0.00
179 12  3 0.00 0.00 0.00 0.00 0.50 0.00 0.80 0.00 0.05 0.00 0.00    0.00 0.00 0.05
180 12  4 0.00 0.00 0.00 0.00 0.15 0.05 0.85 0.05 0.00 0.00 0.00    0.00 0.00 0.00
181 12  5 0.00 0.00 0.00 0.00 0.20 0.00 0.85 0.00 0.00 0.00 0.00    0.00 0.00 0.00
182 12  6 0.00 0.00 0.40 0.00 0.45 0.05 0.60 0.00 0.00 0.00 0.00    0.00 0.40 0.00
183 12  7 0.00 0.00 0.05 0.00 0.25 0.05 0.85 0.00 0.05 0.00 0.00    0.00 0.05 0.05
184 12  8 0.00 0.00 0.00 0.00 0.35 0.00 0.85 0.00 0.00 0.00 0.00    0.00 0.00 0.00
185 12  9 0.00 0.00 0.00 0.00 0.15 0.00 0.95 0.00 0.00 0.00 0.00    0.00 0.00 0.00
186 12 10 0.00 0.00 0.00 0.00 0.40 0.00 0.95 0.00 0.00 0.00 0.00    0.00 0.00 0.00
187 12 11 0.00 0.00 0.10 0.00 0.70 0.00 0.90 0.05 0.00 0.00 0.00    0.00 0.10 0.00
188 12 12 0.00 0.00 0.00 0.00 0.35 0.00 0.90 0.00 0.00 0.00 0.00    0.00 0.00 0.00
189 12 13 0.00 0.00 0.00 0.00 0.35 0.00 0.90 0.00 0.00 0.00 0.00    0.00 0.00 0.00
190 12 14 0.00 0.00 0.00 0.00 0.35 0.00 0.90 0.00 0.00 0.00 0.00    0.00 0.00 0.00
191 12 15 0.00 0.00 0.00 0.00 0.20 0.00 0.80 0.00 0.00 0.00 0.00    0.00 0.00 0.00
192 12 16 0.00 0.00 0.00 0.00 0.20 0.00 1.00 0.00 0.00 0.00 0.00    0.00 0.00 0.00
193 13  1 0.00 0.05 0.70 0.40 0.05 0.05 0.00 0.05 0.00 0.00 0.00    0.05 0.82 0.00
194 13  2 0.05 0.00 0.20 0.80 0.00 0.05 0.05 0.10 0.00 0.00 0.10    0.05 0.84 0.00
195 13  3 0.00 0.00 0.70 0.25 0.00 0.05 0.00 0.10 0.05 0.00 0.15    0.00 0.77 0.05
196 13  4 0.00 0.00 0.80 0.20 0.10 0.05 0.00 0.10 0.05 0.00 0.10    0.00 0.84 0.05
197 13  5 0.00 0.00 0.10 0.00 0.00 0.10 0.00 0.40 0.00 0.00 0.05    0.00 0.10 0.00
198 13  6 0.00 0.00 0.95 0.00 0.05 0.00 0.00 0.00 0.00 0.00 0.10    0.00 0.95 0.00
199 13  7 0.00 0.00 0.25 0.80 0.05 0.05 0.00 0.00 0.00 0.00 0.05    0.00 0.85 0.00
200 13  8 0.00 0.00 0.90 0.00 0.05 0.00 0.10 0.05 0.00 0.00 0.05    0.00 0.90 0.00
201 13  9 0.00 0.00 1.00 0.05 0.10 0.00 0.05 0.05 0.00 0.00 0.05    0.00 1.00 0.00
202 13 10 0.00 0.00 0.60 0.20 0.00 0.05 0.00 0.25 0.00 0.00 0.10    0.00 0.68 0.00
203 13 11 0.00 0.00 0.90 0.00 0.10 0.10 0.05 0.05 0.00 0.00 0.05    0.00 0.90 0.00
204 13 12 0.00 0.00 0.25 1.00 0.00 0.00 0.00 0.05 0.00 0.00 0.05    0.00 1.00 0.00
205 13 13 0.00 0.00 0.60 0.40 0.00 0.00 0.00 0.05 0.00 0.00 0.25    0.00 0.76 0.00
206 13 14 0.00 0.00 0.90 0.05 0.05 0.00 0.00 0.05 0.00 0.00 0.20    0.00 0.91 0.00
207 13 15 0.00 0.00 0.50 0.00 0.85 0.00 0.00 0.00 0.00 0.00 0.10    0.00 0.50 0.00
208 13 16 0.00 0.00 1.00 0.00 0.05 0.00 0.10 0.05 0.00 0.00 0.20    0.00 1.00 0.00
209 14  1 0.00 0.00 0.00 0.00 0.25 0.10 0.20 0.05 0.00 0.00 0.05    0.00 0.00 0.00
210 14  2 0.00 0.00 0.00 0.00 0.25 0.05 0.00 0.10 0.00 0.00 0.15    0.00 0.00 0.00
211 14  3 0.00 0.00 0.00 0.00 0.45 0.00 0.15 0.05 0.00 0.00 0.15    0.00 0.00 0.00
212 14  4 0.00 0.00 0.00 0.00 0.30 0.10 0.00 0.10 0.00 0.00 0.20    0.00 0.00 0.00
213 14  5 0.00 0.00 0.00 0.00 0.15 0.05 0.25 0.15 0.00 0.00 0.10    0.00 0.00 0.00
214 14  6 0.00 0.00 0.00 0.00 0.25 0.15 0.00 0.05 0.00 0.00 0.15    0.00 0.00 0.00
215 14  7 0.00 0.00 0.00 0.00 0.10 0.05 0.35 0.15 0.00 0.00 0.05    0.00 0.00 0.00
216 14  8 0.00 0.25 0.00 0.00 0.15 0.05 0.05 0.40 0.00 0.00 0.05    0.25 0.00 0.00
217 14  9 0.00 0.00 0.00 0.00 0.10 0.15 0.15 0.05 0.00 0.00 0.00    0.00 0.00 0.00
218 14 10 0.00 0.00 0.00 0.00 0.45 0.25 0.00 0.10 0.00 0.00 0.05    0.00 0.00 0.00
219 14 11 0.10 0.00 0.00 0.00 0.05 0.15 0.00 0.15 0.00 0.00 0.10    0.10 0.00 0.00
220 14 12 0.00 0.00 0.00 0.00 0.40 0.05 0.05 0.05 0.00 0.00 0.05    0.00 0.00 0.00
221 14 13 0.00 0.00 0.45 0.00 0.10 0.25 0.00 0.10 0.00 0.00 0.05    0.00 0.45 0.00
222 14 14 0.00 0.00 0.00 0.00 0.30 0.05 0.00 0.05 0.00 0.00 0.10    0.00 0.00 0.00
223 14 15 0.00 0.00 0.00 0.00 0.15 0.05 0.00 0.00 0.00 0.00 0.15    0.00 0.00 0.00
224 14 16 0.00 0.00 0.00 0.10 0.05 0.05 0.25 0.15 0.00 0.00 0.00    0.00 0.10 0.00
225 15  1 0.00 0.00 0.00 0.00 0.15 0.05 0.00 0.20 0.00 0.00 0.05    0.00 0.00 0.00
226 15  2 0.00 0.00 0.00 0.00 0.00 0.00 0.05 0.15 0.05 0.00 0.25    0.00 0.00 0.05
227 15  3 0.00 0.00 0.00 0.00 0.00 0.00 0.05 0.10 0.00 0.00 0.20    0.00 0.00 0.00
228 15  4 0.00 0.00 0.00 0.00 0.05 0.05 0.10 0.80 0.05 0.00 0.10    0.00 0.00 0.05
229 15  5 0.00 0.00 0.00 0.00 0.00 0.90 0.05 0.20 0.10 0.00 0.10    0.00 0.00 0.10
230 15  6 0.00 0.00 0.00 0.00 0.10 0.00 0.00 0.30 0.00 0.00 0.05    0.00 0.00 0.00
231 15  7 0.00 0.05 0.35 0.70 0.05 0.05 0.00 0.05 0.00 0.00 0.05    0.05 0.80 0.00
232 15  8 0.00 0.00 0.00 0.00 0.10 0.10 0.00 0.40 0.00 0.00 0.25    0.00 0.00 0.00
233 15  9 0.00 0.00 0.00 0.00 0.00 0.00 0.00 0.15 0.35 0.20 0.05    0.00 0.00 0.48
234 15 10 0.00 0.00 0.00 0.00 0.00 0.10 0.20 0.35 0.20 0.10 0.05    0.00 0.00 0.28
235 15 11 0.05 0.00 0.00 0.00 0.10 0.15 0.00 0.85 0.00 0.00 0.05    0.05 0.00 0.00
236 15 12 0.00 0.00 0.70 0.15 0.00 0.35 0.00 0.30 0.00 0.00 0.05    0.00 0.74 0.00
237 15 13 0.00 0.00 0.05 0.10 0.00 0.85 0.00 0.15 0.00 0.00 0.05    0.00 0.15 0.00
238 15 14 0.00 0.00 0.00 0.00 0.20 0.55 0.10 0.05 0.00 0.00 0.10    0.00 0.00 0.00
239 15 15 0.00 0.00 0.35 0.10 0.05 0.90 0.00 0.10 0.00 0.00 0.05    0.00 0.41 0.00
240 15 16 0.00 0.00 0.00 0.00 0.15 0.10 0.05 0.30 0.00 0.00 0.10    0.00 0.00 0.00
241 16  1 0.00 0.00 0.00 1.00 0.00 0.00 0.00 0.05 0.00 0.00 0.05    0.00 1.00 0.00
242 16  2 0.00 0.00 0.00 0.35 0.00 0.10 0.00 0.25 0.00 0.00 0.05    0.00 0.35 0.00
243 16  3 0.00 0.00 0.65 0.65 0.05 0.00 0.00 0.00 0.00 0.00 0.10    0.00 0.88 0.00
244 16  4 0.00 0.00 0.00 1.00 0.00 0.00 0.00 0.00 0.00 0.00 0.00    0.00 1.00 0.00
245 16  5 0.00 0.00 0.10 0.70 0.00 0.25 0.00 0.05 0.00 0.00 0.10    0.00 0.73 0.00
246 16  6 0.00 0.00 0.00 0.90 0.00 0.05 0.05 0.05 0.00 0.00 0.05    0.00 0.90 0.00
247 16  7 0.00 0.00 0.10 0.95 0.05 0.00 0.00 0.00 0.00 0.00 0.10    0.00 0.96 0.00
248 16  8 0.00 0.00 0.40 0.15 0.10 0.05 0.05 0.10 0.00 0.00 0.20    0.00 0.49 0.00
249 16  9 0.10 0.10 0.00 0.00 0.00 0.05 0.05 0.25 0.00 0.00 0.00    0.19 0.00 0.00
250 16 10 0.05 0.05 0.15 0.10 0.00 0.05 0.00 0.40 0.00 0.00 0.05    0.10 0.23 0.00
251 16 11 0.00 0.00 0.00 0.95 0.05 0.10 0.00 0.10 0.00 0.00 0.05    0.00 0.95 0.00
252 16 12 0.00 0.00 0.70 0.15 0.30 0.05 0.00 0.00 0.00 0.00 0.05    0.00 0.74 0.00
253 16 13 0.15 0.40 0.40 0.35 0.10 0.05 0.05 0.25 0.00 0.05 0.05    0.49 0.61 0.05
254 16 14 0.00 0.00 0.00 0.95 0.00 0.05 0.00 0.05 0.00 0.00 0.10    0.00 0.95 0.00
255 16 15 0.00 0.00 0.00 1.00 0.05 0.05 0.00 0.05 0.00 0.00 0.05    0.00 1.00 0.00
256 16 16 0.00 0.00 0.00 0.95 0.10 0.05 0.00 0.05 0.00 0.00 0.00    0.00 0.95 0.00
257 17  1 0.00 0.65 0.00 0.05 0.00 0.00 0.55 0.20 0.00 0.00 0.00    0.65 0.05 0.00
258 17  2 0.00 0.00 0.40 0.10 0.50 0.10 0.10 0.10 0.00 0.00 0.05    0.00 0.46 0.00
259 17  3 0.00 0.00 0.05 0.00 0.30 0.10 0.85 0.10 0.00 0.00 0.00    0.00 0.05 0.00
260 17  4 0.00 0.10 0.00 0.05 0.10 0.00 0.60 0.40 0.00 0.00 0.00    0.10 0.05 0.00
261 17  5 0.00 0.00 0.30 0.00 0.65 0.05 0.10 0.00 0.00 0.00 0.05    0.00 0.30 0.00
262 17  6 0.00 0.00 0.05 0.15 0.05 0.00 0.90 0.10 0.00 0.00 0.00    0.00 0.19 0.00
263 17  7 0.00 0.00 0.00 0.00 0.45 0.35 0.10 0.05 0.00 0.00 0.05    0.00 0.00 0.00
264 17  8 0.00 0.00 0.15 0.05 0.70 0.00 0.80 0.05 0.00 0.00 0.00    0.00 0.19 0.00
265 17  9 0.00 0.00 0.00 0.05 0.45 0.00 0.80 0.05 0.00 0.00 0.00    0.00 0.05 0.00
266 17 10 0.00 0.00 0.15 0.00 0.90 0.05 0.00 0.05 0.00 0.00 0.10    0.00 0.15 0.00
267 17 11 0.00 0.00 0.10 0.00 0.40 0.05 0.50 0.10 0.00 0.00 0.05    0.00 0.10 0.00
268 17 12 0.00 0.00 0.05 0.00 0.10 0.05 0.70 0.05 0.00 0.00 0.00    0.00 0.05 0.00
269 17 13 0.00 0.00 0.15 0.00 0.90 0.05 0.10 0.05 0.00 0.00 0.05    0.00 0.15 0.00
270 17 14 0.00 0.00 0.00 0.00 0.95 0.00 0.15 0.10 0.00 0.00 0.00    0.00 0.00 0.00
271 17 15 0.00 0.00 0.05 0.15 0.60 0.25 0.10 0.00 0.00 0.00 0.00    0.00 0.19 0.00
272 17 16 0.00 0.00 0.05 0.00 0.60 0.25 0.20 0.25 0.00 0.00 0.05    0.00 0.05 0.00
273 18  1 0.00 0.00 0.00 0.00 0.00 0.10 0.00 0.90 0.00 0.00 0.10    0.00 0.00 0.00
274 18  2 0.00 0.00 0.85 0.05 0.15 0.00 0.00 0.05 0.00 0.00 0.05    0.00 0.86 0.00
275 18  3 0.00 0.05 0.00 0.00 0.00 0.00 0.00 0.85 0.00 0.00 0.10    0.05 0.00 0.00
276 18  4 0.00 0.00 0.00 0.00 0.10 0.05 0.00 0.80 0.00 0.00 0.05    0.00 0.00 0.00
277 18  5 0.00 0.00 0.00 0.00 0.15 0.05 0.05 0.55 0.00 0.00 0.15    0.00 0.00 0.00
278 18  6 0.00 0.00 0.80 0.05 0.05 0.10 0.05 0.55 0.00 0.00 0.05    0.00 0.81 0.00
279 18  7 0.00 0.00 0.20 0.00 0.35 0.10 0.05 0.05 0.00 0.00 0.20    0.00 0.20 0.00
280 18  8 0.00 0.00 0.05 0.00 0.15 0.10 0.00 0.50 0.00 0.00 0.10    0.00 0.05 0.00
281 18  9 0.00 0.00 0.00 0.00 0.00 0.05 0.00 0.95 0.00 0.00 0.10    0.00 0.00 0.00
282 18 10 0.00 0.00 0.00 0.00 0.40 0.20 0.10 0.55 0.00 0.00 0.00    0.00 0.00 0.00
283 18 11 0.00 0.00 0.00 0.00 0.00 0.05 0.00 0.80 0.00 0.00 0.30    0.00 0.00 0.00
284 18 12 0.00 0.00 0.35 0.00 0.25 0.00 0.00 0.05 0.00 0.00 0.40    0.00 0.35 0.00
285 18 13 0.00 0.00 0.00 0.00 0.00 0.05 0.00 0.55 0.00 0.00 0.20    0.00 0.00 0.00
286 18 14 0.00 0.05 0.00 0.00 0.30 0.00 0.00 0.80 0.00 0.00 0.05    0.05 0.00 0.00
287 18 15 0.00 0.00 0.00 0.00 0.00 0.10 0.00 0.90 0.00 0.00 0.10    0.00 0.00 0.00
288 18 16 0.00 0.00 0.00 0.00 0.10 0.15 0.00 0.80 0.00 0.00 0.15    0.00 0.00 0.00
289 19  1 0.00 0.00 0.05 0.00 0.60 0.05 0.30 0.05 0.00 0.00 0.05    0.00 0.05 0.00
290 19  2 0.00 0.00 0.05 0.00 0.15 0.00 0.75 0.05 0.00 0.00 0.05    0.00 0.05 0.00
291 19  3 0.15 0.05 0.00 0.00 0.05 0.00 0.45 0.30 0.00 0.00 0.10    0.19 0.00 0.00
292 19  4 0.00 0.15 0.05 0.05 0.00 0.10 0.60 0.15 0.00 0.00 0.05    0.15 0.10 0.00
293 19  5 0.00 0.00 0.00 0.00 0.40 0.00 1.00 0.05 0.00 0.00 0.00    0.00 0.00 0.00
294 19  6 0.00 0.40 0.00 0.00 0.05 0.00 0.80 0.15 0.00 0.00 0.00    0.40 0.00 0.00
295 19  7 0.05 0.00 0.00 0.00 0.10 0.05 0.35 0.20 0.00 0.05 0.10    0.05 0.00 0.05
296 19  8 0.10 0.30 0.00 0.00 0.15 0.20 0.05 0.15 0.00 0.15 0.05    0.37 0.00 0.15
297 19  9 0.20 0.00 0.05 0.00 0.00 0.05 0.10 0.20 0.00 0.00 0.05    0.20 0.05 0.00
298 19 10 0.00 0.05 0.00 0.00 0.30 0.00 0.25 0.15 0.00 0.00 0.10    0.05 0.00 0.00
299 19 11 0.05 0.60 0.00 0.00 0.05 0.00 0.10 0.10 0.00 0.00 0.10    0.62 0.00 0.00
300 19 12 0.20 0.15 0.00 0.00 0.10 0.10 0.25 0.40 0.00 0.00 0.05    0.32 0.00 0.00
301 19 13 0.05 0.00 0.00 0.00 0.40 0.00 0.45 0.15 0.00 0.00 0.05    0.05 0.00 0.00
302 19 14 0.00 0.00 0.00 0.00 0.35 0.05 0.90 0.05 0.00 0.00 0.00    0.00 0.00 0.00
303 19 15 0.00 0.00 0.00 0.00 0.45 0.00 0.40 0.10 0.00 0.00 0.15    0.00 0.00 0.00
304 19 16 0.00 0.00 0.00 0.05 0.05 0.00 0.95 0.05 0.00 0.00 0.00    0.00 0.05 0.00
305 20  1 0.00 0.00 0.05 0.00 0.10 0.00 0.00 0.10 0.00 0.00 0.20    0.00 0.05 0.00
306 20  2 0.00 0.00 0.00 0.00 0.80 0.05 0.20 0.10 0.00 0.00 0.05    0.00 0.00 0.00
307 20  3 0.00 0.00 0.05 0.00 0.80 0.00 0.00 0.00 0.00 0.00 0.10    0.00 0.05 0.00
308 20  4 0.00 0.00 0.00 0.00 0.85 0.00 0.00 0.05 0.00 0.00 0.10    0.00 0.00 0.00
309 20  5 0.00 0.00 0.00 0.00 0.45 0.10 0.00 0.00 0.00 0.00 0.25    0.00 0.00 0.00
310 20  6 0.00 0.00 0.10 0.00 0.80 0.10 0.00 0.00 0.00 0.00 0.05    0.00 0.10 0.00
311 20  7 0.00 0.00 0.00 0.00 0.50 0.00 0.00 0.05 0.00 0.00 0.15    0.00 0.00 0.00
312 20  8 0.00 0.00 0.00 0.00 0.70 0.00 0.05 0.00 0.00 0.00 0.05    0.00 0.00 0.00
313 20  9 0.00 0.00 0.10 0.05 0.95 0.05 0.00 0.05 0.00 0.00 0.05    0.00 0.15 0.00
314 20 10 0.00 0.00 0.05 0.00 0.50 0.05 0.05 0.00 0.00 0.00 0.05    0.00 0.05 0.00
315 20 11 0.00 0.00 0.00 0.00 0.75 0.10 0.05 0.00 0.00 0.00 0.05    0.00 0.00 0.00
316 20 12 0.00 0.00 0.05 0.00 0.95 0.00 0.00 0.05 0.00 0.00 0.05    0.00 0.05 0.00
317 20 13 0.00 0.00 0.00 0.00 0.80 0.05 0.00 0.05 0.00 0.00 0.00    0.00 0.00 0.00
318 20 14 0.00 0.00 0.00 0.00 0.80 0.20 0.00 0.00 0.00 0.00 0.10    0.00 0.00 0.00
319 20 15 0.00 0.00 0.00 0.00 0.75 0.05 0.00 0.00 0.00 0.00 0.05    0.00 0.00 0.00
320 20 16 0.00 0.00 0.00 0.05 0.90 0.05 0.00 0.00 0.00 0.00 0.05    0.00 0.05 0.00
321 21  1 0.00 0.00 0.00 0.00 0.25 0.00 0.60 0.00 0.00 0.00 0.00    0.00 0.00 0.00
322 21  2 0.00 0.00 0.00 0.00 0.25 0.00 1.00 0.00 0.00 0.00 0.00    0.00 0.00 0.00
323 21  3 0.00 0.00 0.05 0.00 0.75 0.05 0.60 0.00 0.00 0.00 0.00    0.00 0.05 0.00
324 21  4 0.00 0.00 0.00 0.00 0.60 0.00 0.75 0.00 0.00 0.00 0.00    0.00 0.00 0.00
325 21  5 0.00 0.00 0.05 0.00 0.10 0.05 0.20 0.15 0.00 0.00 0.05    0.00 0.05 0.00
326 21  6 0.00 0.00 0.00 0.00 0.10 0.00 0.85 0.05 0.00 0.00 0.00    0.00 0.00 0.00
327 21  7 0.00 0.00 0.00 0.00 0.55 0.05 0.25 0.00 0.00 0.00 0.00    0.00 0.00 0.00
328 21  8 0.00 0.00 0.00 0.00 0.20 0.00 0.55 0.05 0.00 0.00 0.05    0.00 0.00 0.00
329 21  9 0.00 0.00 0.00 0.00 0.35 0.00 0.75 0.00 0.00 0.00 0.00    0.00 0.00 0.00
330 21 10 0.00 0.00 0.00 0.00 0.50 0.00 0.90 0.00 0.00 0.00 0.00    0.00 0.00 0.00
331 21 11 0.00 0.00 0.00 0.00 0.30 0.00 0.90 0.00 0.00 0.00 0.00    0.00 0.00 0.00
332 21 12 0.00 0.00 0.00 0.00 0.40 0.10 0.20 0.15 0.00 0.00 0.05    0.00 0.00 0.00
333 21 13 0.00 0.00 0.00 0.00 0.55 0.00 0.75 0.00 0.00 0.00 0.00    0.00 0.00 0.00
334 21 14 0.00 0.00 0.05 0.00 0.70 0.00 0.60 0.00 0.00 0.00 0.00    0.00 0.05 0.00
335 21 15 0.00 0.00 0.00 0.00 0.65 0.05 0.35 0.05 0.00 0.00 0.10    0.00 0.00 0.00
336 21 16 0.10 0.00 0.00 0.00 0.30 0.15 0.45 0.05 0.00 0.00 0.00    0.10 0.00 0.00
337 22  1 0.50 0.45 0.00 0.00 0.10 0.00 0.00 0.05 0.00 0.00 0.05    0.72 0.00 0.00
338 22  2 0.90 0.05 0.00 0.00 0.10 0.00 0.05 0.05 0.00 0.00 0.00    0.91 0.00 0.00
339 22  3 0.95 0.05 0.00 0.00 0.00 0.00 0.00 0.10 0.00 0.00 0.05    0.95 0.00 0.00
340 22  4 0.85 0.10 0.00 0.00 0.05 0.05 0.00 0.05 0.00 0.00 0.05    0.86 0.00 0.00
341 22  5 0.50 0.60 0.00 0.00 0.10 0.00 0.05 0.15 0.00 0.00 0.00    0.80 0.00 0.00
342 22  6 0.75 0.05 0.00 0.00 0.10 0.10 0.05 0.10 0.00 0.00 0.00    0.76 0.00 0.00
343 22  7 0.90 0.10 0.00 0.00 0.00 0.00 0.00 0.05 0.00 0.00 0.00    0.91 0.00 0.00
344 22  8 1.00 0.10 0.00 0.00 0.00 0.00 0.05 0.10 0.00 0.00 0.10    1.00 0.00 0.00
345 22  9 0.75 0.00 0.00 0.00 0.05 0.10 0.20 0.10 0.00 0.10 0.00    0.75 0.00 0.10
346 22 10 0.85 0.30 0.00 0.00 0.00 0.00 0.00 0.10 0.00 0.00 0.05    0.89 0.00 0.00
347 22 11 1.00 0.05 0.00 0.00 0.00 0.00 0.05 0.05 0.00 0.00 0.00    1.00 0.00 0.00
348 22 12 0.70 0.35 0.00 0.00 0.05 0.05 0.00 0.10 0.00 0.00 0.10    0.80 0.00 0.00
349 22 13 0.90 0.15 0.00 0.00 0.00 0.00 0.05 0.05 0.00 0.05 0.05    0.92 0.00 0.05
350 22 14 0.70 0.25 0.00 0.00 0.20 0.00 0.00 0.15 0.00 0.00 0.05    0.77 0.00 0.00
351 22 15 0.70 0.45 0.00 0.00 0.05 0.05 0.05 0.10 0.00 0.00 0.00    0.83 0.00 0.00
352 22 16 0.35 0.20 0.00 0.00 0.35 0.00 0.00 0.05 0.00 0.00 0.10    0.48 0.00 0.00
353 23  1 0.00 0.10 0.00 0.05 0.25 0.10 0.00 0.25 0.15 0.00 0.00    0.10 0.05 0.15
354 23  2 0.00 0.00 0.00 0.00 0.05 0.10 0.05 0.15 0.00 0.00 0.15    0.00 0.00 0.00
355 23  3 0.00 0.05 0.00 0.00 0.20 0.00 0.10 0.25 0.00 0.00 0.05    0.05 0.00 0.00
356 23  4 0.00 0.00 0.00 0.00 0.20 0.45 0.00 0.10 0.00 0.00 0.10    0.00 0.00 0.00
357 23  5 0.00 0.00 0.00 0.35 0.00 0.10 0.05 0.00 0.00 0.00 0.15    0.00 0.35 0.00
358 23  6 0.00 0.00 0.00 0.00 0.30 0.00 0.05 0.20 0.00 0.00 0.15    0.00 0.00 0.00
359 23  7 0.00 0.00 0.00 0.05 0.30 0.15 0.05 0.00 0.00 0.00 0.25    0.00 0.05 0.00
360 23  8 0.00 0.00 0.00 0.00 0.10 0.00 0.50 0.20 0.20 0.00 0.00    0.00 0.00 0.20
361 23  9 0.00 0.00 0.00 0.00 0.10 0.15 0.10 0.35 0.30 0.00 0.05    0.00 0.00 0.30
362 23 10 0.00 0.00 0.05 0.05 0.10 0.05 0.10 0.05 0.05 0.00 0.20    0.00 0.10 0.05
363 23 11 0.05 0.10 0.00 0.05 0.15 0.05 0.85 0.25 0.00 0.00 0.00    0.15 0.05 0.00
364 23 12 0.00 0.00 0.00 0.00 0.15 0.55 0.05 0.15 0.00 0.00 0.00    0.00 0.00 0.00
365 23 13 0.00 0.00 0.00 0.20 0.20 0.10 0.25 0.15 0.10 0.00 0.00    0.00 0.20 0.10
366 23 14 0.00 0.00 0.20 0.00 0.15 0.10 0.60 0.05 0.15 0.00 0.00    0.00 0.20 0.15
367 23 15 0.00 0.00 0.10 0.00 0.40 0.25 0.45 0.00 0.00 0.00 0.00    0.00 0.10 0.00
368 23 16 0.15 0.05 0.00 0.00 0.25 0.05 0.55 0.05 0.00 0.05 0.05    0.19 0.00 0.05
369 24  1 0.10 0.85 0.00 0.00 0.05 0.00 0.00 0.10 0.00 0.00 0.05    0.86 0.00 0.00
370 24  2 0.05 1.00 0.00 0.00 0.05 0.00 0.00 0.05 0.00 0.00 0.00    1.00 0.00 0.00
371 24  3 0.00 0.95 0.00 0.00 0.00 0.00 0.00 0.10 0.00 0.00 0.00    0.95 0.00 0.00
372 24  4 0.15 0.90 0.00 0.00 0.00 0.00 0.00 0.05 0.00 0.00 0.05    0.92 0.00 0.00
373 24  5 0.05 1.00 0.00 0.00 0.00 0.00 0.05 0.00 0.00 0.00 0.05    1.00 0.00 0.00
374 24  6 0.05 0.65 0.00 0.00 0.15 0.05 0.00 0.15 0.00 0.00 0.05    0.67 0.00 0.00
375 24  7 0.10 1.00 0.00 0.00 0.15 0.05 0.00 0.00 0.00 0.00 0.10    1.00 0.00 0.00
376 24  8 0.00 0.95 0.00 0.00 0.05 0.00 0.00 0.05 0.00 0.00 0.10    0.95 0.00 0.00
377 24  9 0.00 1.00 0.00 0.00 0.00 0.05 0.05 0.05 0.00 0.00 0.00    1.00 0.00 0.00
378 24 10 0.00 1.00 0.00 0.05 0.00 0.05 0.00 0.00 0.00 0.00 0.05    1.00 0.05 0.00
379 24 11 0.15 0.90 0.00 0.00 0.00 0.00 0.00 0.05 0.00 0.05 0.05    0.92 0.00 0.05
380 24 12 0.00 0.00 0.00 0.00 0.30 0.20 0.00 0.05 0.00 0.00 0.15    0.00 0.00 0.00
381 24 13 0.05 1.00 0.00 0.00 0.00 0.00 0.00 0.05 0.00 0.00 0.05    1.00 0.00 0.00
382 24 14 0.00 0.85 0.00 0.00 0.00 0.00 0.00 0.00 0.00 0.00 0.15    0.85 0.00 0.00
383 24 15 0.05 1.00 0.00 0.00 0.05 0.00 0.05 0.05 0.00 0.00 0.05    1.00 0.00 0.00
384 24 16 0.00 0.85 0.00 0.00 0.00 0.00 0.00 0.05 0.00 0.05 0.05    0.85 0.00 0.05
385 25  1 0.00 0.00 0.00 0.00 0.05 0.00 0.00 0.05 0.00 0.00 0.60    0.00 0.00 0.00
386 25  2 0.00 0.00 0.00 0.00 0.50 0.10 0.05 0.35 0.00 0.00 0.00    0.00 0.00 0.00
387 25  3 0.00 0.00 0.00 0.00 0.25 0.25 0.00 0.30 0.00 0.00 0.10    0.00 0.00 0.00
388 25  4 0.00 0.05 0.00 0.00 0.05 0.00 0.00 0.00 0.00 0.00 0.75    0.05 0.00 0.00
389 25  5 0.00 0.00 0.00 0.10 0.15 0.30 0.00 0.10 0.00 0.00 0.25    0.00 0.10 0.00
390 25  6 0.00 0.00 0.00 0.00 0.35 0.00 0.00 0.15 0.00 0.00 0.25    0.00 0.00 0.00
391 25  7 0.00 0.00 0.00 0.00 0.20 0.05 0.00 0.05 0.00 0.00 0.25    0.00 0.00 0.00
392 25  8 0.00 0.05 0.00 0.00 0.00 0.00 0.00 0.00 0.00 0.00 0.40    0.05 0.00 0.00
393 25  9 0.05 0.00 0.00 0.00 0.45 0.20 0.00 0.20 0.00 0.00 0.30    0.05 0.00 0.00
394 25 10 0.00 0.00 0.00 0.00 0.30 0.05 0.00 0.00 0.00 0.00 0.25    0.00 0.00 0.00
395 25 11 0.20 0.05 0.00 0.00 0.10 0.00 0.05 0.25 0.00 0.00 0.10    0.24 0.00 0.00
396 25 12 0.00 0.00 0.00 0.00 0.35 0.05 0.00 0.00 0.00 0.00 0.30    0.00 0.00 0.00
397 25 13 0.00 0.00 0.00 0.00 0.55 0.05 0.00 0.00 0.00 0.00 0.50    0.00 0.00 0.00
398 25 14 0.00 0.00 0.00 0.00 0.15 0.05 0.00 0.05 0.00 0.00 0.30    0.00 0.00 0.00
399 25 15 0.00 0.00 0.00 0.00 0.30 0.00 0.00 0.15 0.00 0.00 0.40    0.00 0.00 0.00
400 25 16 0.00 0.00 0.00 0.00 0.00 0.05 0.00 0.10 0.00 0.00 0.25    0.00 0.00 0.00
401 26  1 0.00 0.10 0.00 0.00 0.00 0.15 0.00 0.10 0.00 0.00 0.45    0.10 0.00 0.00
402 26  2 0.00 0.00 0.00 0.00 0.30 0.05 0.00 0.00 0.00 0.00 0.25    0.00 0.00 0.00
403 26  3 0.05 0.05 0.00 0.00 0.45 0.05 0.00 0.00 0.00 0.00 0.25    0.10 0.00 0.00
404 26  4 0.00 0.05 0.00 0.00 0.30 0.10 0.20 0.05 0.00 0.00 0.05    0.05 0.00 0.00
405 26  5 0.00 0.00 0.00 0.00 0.35 0.00 0.00 0.05 0.00 0.00 0.05    0.00 0.00 0.00
406 26  6 0.00 0.00 0.00 0.05 0.40 0.00 0.00 0.10 0.00 0.00 0.55    0.00 0.05 0.00
407 26  7 0.00 0.00 0.00 0.00 0.40 0.10 0.00 0.15 0.00 0.00 0.25    0.00 0.00 0.00
408 26  8 0.00 0.00 0.00 0.00 0.20 0.05 0.05 0.30 0.05 0.00 0.05    0.00 0.00 0.05
409 26  9 0.00 0.00 0.05 0.00 0.35 0.20 0.05 0.00 0.00 0.00 0.05    0.00 0.05 0.00
410 26 10 0.00 0.00 0.00 0.00 0.15 0.20 0.00 0.00 0.00 0.00 0.20    0.00 0.00 0.00
411 26 11 0.00 0.00 0.00 0.00 0.10 0.20 0.00 0.15 0.00 0.00 0.15    0.00 0.00 0.00
412 26 12 0.00 0.00 0.00 0.00 0.20 0.05 0.00 0.30 0.00 0.00 0.10    0.00 0.00 0.00
413 26 13 0.00 0.00 0.11 0.00 0.47 0.00 0.05 0.00 0.00 0.00 0.53    0.00 0.11 0.00
414 26 14 0.00 0.00 0.00 0.00 0.65 0.05 0.00 0.15 0.00 0.00 0.35    0.00 0.00 0.00
415 26 15 0.00 0.00 0.00 0.00 0.15 0.00 0.00 0.15 0.00 0.00 0.50    0.00 0.00 0.00
416 26 16 0.00 0.00 0.00 0.00 0.15 0.05 0.00 0.10 0.00 0.00 0.35    0.00 0.00 0.00
417 27  1 0.00 0.00 0.00 0.00 0.10 0.70 0.05 0.10 0.00 0.00 0.10    0.00 0.00 0.00
418 27  2 0.35 0.00 0.05 0.00 0.20 0.05 0.10 0.10 0.30 0.00 0.00    0.35 0.05 0.30
419 27  3 0.00 0.00 0.05 0.00 0.05 0.05 0.05 0.15 0.80 0.00 0.00    0.00 0.05 0.80
420 27  4 0.05 0.00 0.00 0.00 0.10 0.05 0.00 0.20 0.25 0.25 0.00    0.05 0.00 0.44
421 27  5 0.00 0.00 0.30 0.00 0.10 0.10 0.05 0.10 0.00 0.00 0.10    0.00 0.30 0.00
422 27  6 0.00 0.00 0.00 0.00 0.05 0.00 0.10 0.45 0.35 0.00 0.10    0.00 0.00 0.35
423 27  7 0.00 0.00 0.00 0.00 0.00 0.00 0.05 0.25 0.25 0.00 0.10    0.00 0.00 0.25
424 27  8 0.00 0.00 0.05 0.00 0.00 0.00 0.20 0.00 0.80 0.00 0.00    0.00 0.05 0.80
425 27  9 0.00 0.00 0.10 0.00 0.10 0.05 0.25 0.05 0.80 0.05 0.00    0.00 0.10 0.81
426 27 10 0.00 0.00 0.00 0.00 0.00 0.15 0.20 0.30 0.40 0.00 0.00    0.00 0.00 0.40
427 27 11 0.00 0.00 0.00 0.00 0.10 0.05 0.00 0.05 0.70 0.00 0.00    0.00 0.00 0.70
428 27 12 0.00 0.00 0.10 0.00 0.25 0.05 0.25 0.05 0.45 0.00 0.05    0.00 0.10 0.45
429 27 13 0.00 0.00 0.25 0.00 0.10 0.05 0.00 0.00 0.65 0.00 0.05    0.00 0.25 0.65
430 27 14 0.00 0.00 0.05 0.00 0.05 0.00 0.00 0.10 0.70 0.35 0.00    0.00 0.05 0.80
431 27 15 0.00 0.00 0.20 0.00 0.20 0.05 0.00 0.00 0.85 0.00 0.00    0.00 0.20 0.85
432 27 16 0.00 0.00 0.00 0.00 0.00 0.00 0.05 0.00 0.95 0.00 0.00    0.00 0.00 0.95
433 28  1 0.00 0.00 0.00 0.00 0.05 0.00 0.15 0.00 0.25 0.80 0.00    0.00 0.00 0.85
434 28  2 0.05 0.00 0.00 0.00 0.05 0.00 0.35 0.00 0.10 0.45 0.00    0.05 0.00 0.51
435 28  3 0.05 0.05 0.00 0.00 0.00 0.00 0.20 0.15 0.05 0.40 0.00    0.10 0.00 0.43
436 28  4 0.00 0.00 0.00 0.00 0.05 0.00 0.10 0.00 0.05 0.85 0.00    0.00 0.00 0.86
437 28  5 0.05 0.00 0.00 0.00 0.00 0.25 0.05 0.05 0.70 0.00 0.10    0.05 0.00 0.70
438 28  6 0.00 0.00 0.00 0.00 0.00 0.00 0.20 0.00 0.05 0.60 0.00    0.00 0.00 0.62
439 28  7 0.00 0.00 0.00 0.00 0.00 0.00 0.15 0.05 0.05 0.75 0.00    0.00 0.00 0.76
440 28  8 0.00 0.00 0.00 0.00 0.05 0.00 0.10 0.00 1.00 0.10 0.00    0.00 0.00 1.00
441 28  9 0.00 0.00 0.00 0.00 0.00 0.00 0.00 0.00 0.05 0.95 0.05    0.00 0.00 0.95
442 28 10 0.00 0.00 0.00 0.00 0.00 0.05 0.05 0.60 0.35 0.00 0.05    0.00 0.00 0.35
443 28 11 0.00 0.00 0.00 0.00 0.15 0.15 0.10 0.60 0.05 0.00 0.10    0.00 0.00 0.05
444 28 12 0.00 0.00 0.00 0.00 0.00 0.00 0.05 0.00 0.95 0.00 0.00    0.00 0.00 0.95
445 28 13 0.00 0.00 0.00 0.00 0.10 0.05 0.15 0.00 0.70 0.30 0.00    0.00 0.00 0.79
446 28 14 0.00 0.00 0.00 0.00 0.00 0.00 0.00 0.00 0.00 1.00 0.00    0.00 0.00 1.00
447 28 15 0.00 0.00 0.00 0.00 0.00 0.00 0.00 0.00 0.00 0.95 0.00    0.00 0.00 0.95
448 28 16 0.00 0.00 0.00 0.00 0.05 0.00 0.55 0.00 0.40 0.10 0.00    0.00 0.00 0.46
449 29  1 0.00 0.00 1.00 0.00 0.00 0.00 0.00 0.05 0.00 0.00 0.45    0.00 1.00 0.00
450 29  2 0.00 0.00 0.85 0.00 0.20 0.05 0.00 0.00 0.00 0.00 0.40    0.00 0.85 0.00
451 29  3 0.00 0.00 0.50 0.15 0.00 0.10 0.00 0.05 0.00 0.00 0.60    0.00 0.58 0.00
452 29  4 0.00 0.00 0.00 0.00 0.05 0.00 0.00 0.05 0.00 0.00 0.95    0.00 0.00 0.00
453 29  5 0.00 0.00 0.15 0.00 0.25 0.15 0.00 0.05 0.00 0.00 0.85    0.00 0.15 0.00
454 29  6 0.00 0.00 0.85 0.05 0.20 0.00 0.00 0.00 0.00 0.00 0.55    0.00 0.86 0.00
455 29  7 0.00 0.00 1.00 0.05 0.00 0.00 0.00 0.00 0.00 0.00 0.45    0.00 1.00 0.00
456 29  8 0.00 0.00 0.00 0.00 0.05 0.05 0.00 0.00 0.00 0.00 0.95    0.00 0.00 0.00
457 29  9 0.00 0.00 0.90 0.00 0.10 0.00 0.00 0.00 0.00 0.00 0.70    0.00 0.90 0.00
458 29 10 0.00 0.00 0.00 0.00 0.10 0.00 0.00 0.10 0.00 0.00 0.90    0.00 0.00 0.00
459 29 11 0.00 0.00 0.00 0.00 0.10 0.10 0.00 0.00 0.00 0.00 0.60    0.00 0.00 0.00
460 29 12 0.00 0.00 0.25 0.00 0.05 0.10 0.00 0.05 0.00 0.00 0.95    0.00 0.25 0.00
461 29 13 0.00 0.00 0.60 0.10 0.15 0.00 0.00 0.05 0.00 0.00 0.90    0.00 0.64 0.00
462 29 14 0.00 0.00 0.00 0.00 0.20 0.05 0.00 0.00 0.00 0.00 0.90    0.00 0.00 0.00
463 29 15 0.00 0.00 0.00 0.00 0.00 0.00 0.00 0.00 0.00 0.00 1.00    0.00 0.00 0.00
464 29 16 0.00 0.00 0.00 0.00 0.05 0.00 0.00 0.00 0.00 0.00 0.90    0.00 0.00 0.00
465 30  1 0.00 0.00 0.00 0.00 0.35 0.05 0.00 0.00 0.00 0.00 0.40    0.00 0.00 0.00
466 30  2 0.00 0.00 0.00 0.00 0.90 0.10 0.00 0.05 0.00 0.00 0.05    0.00 0.00 0.00
467 30  3 0.00 0.00 0.00 0.00 0.60 0.10 0.00 0.05 0.00 0.00 0.30    0.00 0.00 0.00
468 30  4 0.00 0.00 0.00 0.00 0.70 0.00 0.00 0.00 0.00 0.00 0.15    0.00 0.00 0.00
469 30  5 0.00 0.00 0.05 0.00 0.65 0.15 0.05 0.00 0.00 0.00 0.10    0.00 0.05 0.00
470 30  6 0.00 0.00 0.80 0.00 0.30 0.00 0.00 0.15 0.00 0.00 0.05    0.00 0.80 0.00
471 30  7 0.00 0.00 0.05 0.00 0.50 0.15 0.05 0.00 0.00 0.00 0.05    0.00 0.05 0.00
472 30  8 0.00 0.00 0.00 0.00 0.65 0.10 0.20 0.05 0.00 0.00 0.15    0.00 0.00 0.00
473 30  9 0.00 0.00 0.00 0.00 0.85 0.05 0.00 0.05 0.00 0.00 0.00    0.00 0.00 0.00
474 30 10 0.00 0.00 0.00 0.00 0.55 0.05 0.00 0.10 0.00 0.00 0.10    0.00 0.00 0.00
475 30 11 0.00 0.00 0.25 0.00 0.70 0.05 0.05 0.15 0.00 0.00 0.25    0.00 0.25 0.00
476 30 12 0.00 0.00 0.00 0.00 0.60 0.05 0.00 0.00 0.00 0.00 0.30    0.00 0.00 0.00
477 30 13 0.00 0.00 0.00 0.00 0.40 0.00 0.00 0.05 0.00 0.00 0.35    0.00 0.00 0.00
478 30 14 0.00 0.00 0.00 0.00 0.45 0.05 0.00 0.05 0.00 0.00 0.20    0.00 0.00 0.00
479 30 15 0.00 0.00 0.00 0.00 0.40 0.10 0.00 0.10 0.00 0.00 0.20    0.00 0.00 0.00
480 30 16 0.00 0.00 0.00 0.00 0.55 0.00 0.00 0.05 0.00 0.00 0.15    0.00 0.00 0.00
501  1 17 0.20 0.05 0.00 0.00 0.00 0.05 0.00 0.35 0.00 0.00 0.05    0.24 0.00 0.00
502  1 18 0.60 0.25 0.00 0.00 0.00 0.00 0.00 0.05 0.00 0.00 0.20    0.70 0.00 0.00
503  2 17 0.00 0.00 0.00 0.00 0.10 0.15 0.00 0.15 0.00 0.00 0.15    0.00 0.00 0.00
504  2 18 0.00 0.00 0.00 0.00 0.00 0.00 0.00 0.10 0.00 0.00 0.15    0.00 0.00 0.00
505  3 17 0.05 0.05 0.00 0.00 0.00 0.00 0.05 0.30 0.00 0.05 0.00    0.10 0.00 0.05
506  3 18 0.30 0.20 0.00 0.00 0.00 0.00 0.05 0.40 0.00 0.00 0.05    0.44 0.00 0.00
507  4 17 0.00 0.10 0.00 0.00 0.00 0.00 0.00 0.40 0.00 0.05 0.05    0.10 0.00 0.05
508  4 18 0.10 0.00 0.00 0.00 0.15 0.00 0.75 0.05 0.00 0.00 0.00    0.10 0.00 0.00
509  5 17 0.20 0.15 0.00 0.00 0.05 0.00 0.00 0.35 0.00 0.05 0.05    0.32 0.00 0.05
510  5 18 0.50 0.30 0.00 0.00 0.10 0.05 0.05 0.20 0.00 0.00 0.00    0.65 0.00 0.00
511  6 17 0.00 0.30 0.00 0.00 0.10 0.00 0.65 0.30 0.00 0.00 0.00    0.30 0.00 0.00
512  6 18 0.00 0.00 0.15 0.20 0.10 0.35 0.80 0.10 0.00 0.00 0.00    0.00 0.32 0.00
513  7 17 0.80 0.00 0.00 0.00 0.05 0.00 0.05 0.15 0.00 0.05 0.05    0.80 0.00 0.05
514  7 18 0.15 0.00 0.00 0.00 0.15 0.00 0.05 0.05 0.05 0.05 0.00    0.15 0.00 0.10
515  8 17 0.15 0.10 0.00 0.00 0.00 0.00 0.15 0.25 0.00 0.15 0.10    0.23 0.00 0.15
516  8 18 0.00 0.15 0.00 0.00 0.00 0.00 0.05 0.25 0.00 0.10 0.10    0.15 0.00 0.10
517  9 17 0.00 0.05 0.00 0.00 0.00 0.00 0.00 0.10 0.00 0.00 0.20    0.05 0.00 0.00
518  9 18 0.00 0.00 0.00 0.00 0.10 0.00 0.00 0.00 0.00 0.00 0.50    0.00 0.00 0.00
519 10 17 0.50 0.30 0.00 0.00 0.00 0.00 0.00 0.25 0.00 0.00 0.05    0.65 0.00 0.00
520 10 18 0.00 0.00 0.00 0.00 0.00 0.00 0.00 0.00 0.00 0.00 0.85    0.00 0.00 0.00
601 11 17 0.00 0.05 0.00 0.00 0.00 0.05 0.10 0.40 0.00 0.00 0.05    0.05 0.00 0.00
602 11 18 0.10 0.05 0.00 0.00 0.10 0.05 0.05 0.40 0.00 0.15 0.00    0.15 0.00 0.15
603 12 17 0.00 0.00 0.00 0.00 0.45 0.00 0.85 0.05 0.00 0.00 0.00    0.00 0.00 0.00
604 12 18 0.00 0.00 0.00 0.00 0.25 0.05 1.00 0.05 0.00 0.00 0.00    0.00 0.00 0.00
605 13 17 0.00 0.00 0.35 0.10 0.00 0.00 0.00 0.30 0.00 0.00 0.05    0.00 0.41 0.00
606 13 18 0.00 0.00 0.65 0.05 0.70 0.05 0.00 0.05 0.00 0.00 0.15    0.00 0.67 0.00
607 14 17 0.00 0.00 0.05 0.00 0.25 0.05 0.00 0.10 0.00 0.00 0.20    0.00 0.05 0.00
608 14 18 0.00 0.00 0.05 0.00 0.10 0.05 0.00 0.15 0.00 0.00 0.10    0.00 0.05 0.00
609 15 17 0.00 0.00 0.05 0.00 0.10 0.05 0.00 0.20 0.00 0.05 0.05    0.00 0.05 0.05
610 15 18 0.00 0.00 0.00 0.00 0.05 0.05 0.05 0.30 0.00 0.05 0.15    0.00 0.00 0.05
611 16 17 0.00 0.00 0.00 1.00 0.05 0.05 0.00 0.05 0.00 0.00 0.00    0.00 1.00 0.00
612 16 18 0.00 0.00 0.00 1.00 0.05 0.00 0.00 0.05 0.00 0.00 0.05    0.00 1.00 0.00
613 17 17 0.00 0.00 0.20 0.00 0.30 0.45 0.10 0.00 0.00 0.00 0.05    0.00 0.20 0.00
614 17 18 0.00 0.00 0.35 0.05 0.75 0.05 0.00 0.05 0.00 0.00 0.10    0.00 0.38 0.00
615 18 17 0.00 0.00 0.00 0.00 0.00 0.05 0.00 0.75 0.00 0.00 0.30    0.00 0.00 0.00
616 18 18 0.00 0.00 0.00 0.00 0.00 0.10 0.00 0.60 0.00 0.00 0.10    0.00 0.00 0.00
617 19 17 0.00 0.00 0.30 0.15 0.35 0.10 0.20 0.10 0.00 0.00 0.05    0.00 0.40 0.00
618 19 18 0.00 0.00 0.00 0.00 0.15 0.00 0.65 0.15 0.00 0.00 0.10    0.00 0.00 0.00
619 20 17 0.00 0.00 0.05 0.00 0.90 0.00 0.00 0.05 0.00 0.00 0.05    0.00 0.05 0.00
620 20 18 0.00 0.00 0.05 0.00 0.95 0.10 0.20 0.00 0.00 0.00 0.10    0.00 0.05 0.00
701 21 17 0.00 0.00 0.05 0.00 0.30 0.00 0.90 0.05 0.00 0.00 0.00    0.00 0.05 0.00
702 21 18 0.00 0.00 0.00 0.00 0.10 0.05 0.90 0.00 0.00 0.00 0.00    0.00 0.00 0.00
703 22 17 0.85 0.30 0.00 0.00 0.00 0.00 0.00 0.05 0.00 0.00 0.05    0.89 0.00 0.00
704 22 18 0.95 0.15 0.00 0.00 0.00 0.00 0.00 0.00 0.00 0.00 0.00    0.96 0.00 0.00
705 23 17 0.00 0.00 0.00 0.00 0.30 0.00 0.00 0.10 0.00 0.00 0.15    0.00 0.00 0.00
706 23 18 0.05 0.00 0.10 0.00 0.35 0.20 0.45 0.00 0.00 0.00 0.00    0.05 0.10 0.00
707 24 17 0.10 0.90 0.00 0.00 0.00 0.00 0.00 0.00 0.00 0.00 0.10    0.91 0.00 0.00
708 24 18 0.20 0.10 0.00 0.00 0.20 0.00 0.00 0.25 0.00 0.00 0.15    0.28 0.00 0.00
709 25 17 0.00 0.00 0.00 0.00 0.05 0.00 0.00 0.00 0.00 0.00 0.60    0.00 0.00 0.00
710 25 18 0.00 0.00 0.00 0.00 0.30 0.05 0.00 0.05 0.00 0.00 0.40    0.00 0.00 0.00
711 26 17 0.00 0.00 0.05 0.00 0.25 0.05 0.00 0.05 0.00 0.00 0.25    0.00 0.05 0.00
712 26 18 0.00 0.00 0.00 0.00 0.20 0.10 0.05 0.25 0.00 0.00 0.05    0.00 0.00 0.00
713 27 17 0.00 0.00 0.30 0.00 0.05 0.05 0.10 0.10 0.55 0.00 0.05    0.00 0.30 0.55
714 27 18 0.00 0.00 0.05 0.00 0.15 0.00 0.15 0.00 0.95 0.00 0.00    0.00 0.05 0.95
715 28 17 0.00 0.00 0.00 0.00 0.00 0.00 0.00 0.00 0.00 1.00 0.00    0.00 0.00 1.00
716 28 18 0.00 0.00 0.00 0.00 0.00 0.00 0.00 0.05 0.00 1.00 0.00    0.00 0.00 1.00
717 29 17 0.00 0.00 0.85 0.05 0.15 0.05 0.00 0.00 0.00 0.00 0.40    0.00 0.86 0.00
718 29 18 0.00 0.00 0.00 0.00 0.00 0.00 0.00 0.00 0.00 0.00 1.00    0.00 0.00 0.00
719 30 17 0.00 0.00 0.00 0.00 0.55 0.10 0.05 0.05 0.00 0.00 0.00    0.00 0.00 0.00
720 30 18 0.00 0.00 0.15 0.05 0.50 0.05 0.10 0.00 0.00 0.00 0.10    0.00 0.19 0.00

Feature-Presence Probabilities from Brian's Online Study

1: Angular fragments?
2: Rounded fragments?
3: Straight stripes?
4: Curved stripes?
5: Physical layers?
6: Veins?
7: Oily/Shimmery texture?
8: Splotchy?
9: Single translucent crystal?
10: Multiple cubic crystals?
11: Sandy texture?

12 disj(1,2)
13 disj(3,4)
14 disj(9,10)